package com.flashminds.flyingchess.entity;

import java.util.Random;

/**
 *
 */
public class ChessBoard {//chess board data
    public static final int COLOR_RED = 0, COLOR_GREEN = 1, COLOR_BLUE = 2, COLOR_YELLOW = 3;//玩家颜色
    public static final int COLOR_Z = -1, COLOR_X = -2;
    private boolean overflow;
    private Dice dice;
    private Airplane[] airplanes;
    //    public int[][][] map = {
//            {{5, 18}, {6, 16}, {5, 15}, {5, 14}, {6, 13}, {5, 12}, {4, 13}, {3, 13}, {2, 12}, {1, 11}, {1, 10}, {1, 9}, {1, 8}, {1, 7}, {2, 6}, {3, 5}, {4, 5}, {5, 6}, {6, 5}, {5, 4}, {5, 3}, {6, 2}, {7, 1}, {8, 1}, {9, 1}, {10, 1}, {11, 1}, {12, 2}, {13, 3}, {13, 4}, {12, 5}, {13, 6}, {14, 5}, {15, 5}, {16, 6}, {17, 7}, {17, 8}, {17, 9}, {17, 10}, {17, 11}, {16, 12}, {15, 13}, {14, 13}, {13, 12}, {12, 13}, {13, 14}, {13, 15}, {12, 16}, {11, 17}, {10, 17}, {9, 16}, {9, 15}, {9, 14}, {9, 13}, {9, 12}, {9, 11}, {9, 10}},
//            {{18, 13}, {16, 12}, {15, 13}, {14, 13}, {13, 12}, {12, 13}, {13, 14}, {13, 15}, {12, 16}, {11, 17}, {10, 17}, {9, 17}, {8, 17}, {7, 17}, {6, 16}, {5, 15}, {5, 14}, {6, 13}, {5, 12}, {4, 13}, {3, 13}, {2, 12}, {1, 11}, {1, 10}, {1, 9}, {1, 8}, {1, 7}, {2, 6}, {3, 5}, {4, 5}, {5, 6}, {6, 5}, {5, 4}, {5, 3}, {6, 2}, {7, 1}, {8, 1}, {9, 1}, {10, 1}, {11, 1}, {12, 2}, {13, 3}, {13, 4}, {12, 5}, {13, 6}, {14, 5}, {15, 5}, {16, 6}, {17, 7}, {17, 8}, {16, 9}, {15, 9}, {14, 9}, {13, 9}, {12, 9}, {11, 9}, {10, 9}},
//            {{13, 0}, {12, 2}, {13, 3}, {13, 4}, {12, 5}, {13, 6}, {14, 5}, {15, 5}, {16, 6}, {17, 7}, {17, 8}, {17, 9}, {17, 10}, {17, 11}, {16, 12}, {15, 13}, {14, 13}, {13, 12}, {12, 13}, {13, 14}, {13, 15}, {12, 16}, {11, 17}, {10, 17}, {9, 17}, {8, 17}, {7, 17}, {6, 16}, {5, 15}, {5, 14}, {6, 13}, {5, 12}, {4, 13}, {3, 13}, {2, 12}, {1, 11}, {1, 10}, {1, 9}, {1, 8}, {1, 7}, {2, 6}, {3, 5}, {4, 5}, {5, 6}, {6, 5}, {5, 4}, {5, 3}, {6, 2}, {7, 1}, {8, 1}, {9, 2}, {9, 3}, {9, 4}, {9, 5}, {9, 6}, {9, 7}, {9, 8}},
//            {{0, 5}, {2, 6}, {3, 5}, {4, 5}, {5, 6}, {6, 5}, {5, 4}, {5, 3}, {6, 2}, {7, 1}, {8, 1}, {9, 1}, {10, 1}, {11, 1}, {12, 2}, {13, 3}, {13, 4}, {12, 5}, {13, 6}, {14, 5}, {15, 5}, {16, 6}, {17, 7}, {17, 8}, {17, 9}, {17, 10}, {17, 11}, {16, 12}, {15, 13}, {14, 13}, {13, 12}, {12, 13}, {13, 14}, {13, 15}, {12, 16}, {11, 17}, {10, 17}, {9, 17}, {8, 17}, {7, 17}, {6, 16}, {5, 15}, {5, 14}, {6, 13}, {5, 12}, {4, 13}, {3, 13}, {2, 12}, {1, 11}, {1, 10}, {2, 9}, {3, 9}, {4, 9}, {5, 9}, {6, 9}, {7, 9}, {8, 9}}
//    };
    public int[][][] map = {
            {
                    {9, 33},
                    {11, 31}, {10, 29}, {10, 27}, {11, 25}, {9, 23}, {7, 24}, {5, 24},
                    {3, 23}, {2, 21}, {2, 19}, {2, 17}, {2, 15}, {2, 13}, {3, 11},
                    {5, 10}, {7, 10}, {9, 11}, {11, 9}, {10, 7}, {10, 5}, {11, 3},
                    {13, 2}, {15, 2}, {17, 2}, {19, 2}, {21, 2},
                    {23, 3}, {24, 5}, {24, 7}, {23, 9}, {25, 11}, {27, 10}, {29, 10},
                    {31, 11}, {32, 13}, {32, 15}, {32, 17}, {32, 19}, {32, 21}, {31, 23},
                    {29, 24}, {27, 24}, {25, 23}, {23, 25}, {24, 27}, {24, 29}, {23, 31},
                    {21, 32}, {19, 32},
                    {17, 32}, {17, 29}, {17, 27}, {17, 25}, {17, 23}, {17, 21}, {17, 19}
            }, //Red
            {
                    {33, 25},
                    {31, 23},{29, 24},{27, 24},{25, 23},{23, 25},{24, 27},{24, 29},
                    {23, 31},{21, 32},{19, 32},{17, 32},{15, 32},{13, 32},{11, 31},
                    {10, 29},{10, 27},{11, 25},{9, 23},{7, 24},{5, 24},{3, 23},
                    {2, 21},{2, 19},{2, 17},{2, 15},{2, 13},
                    {3, 11},{5, 10},{7, 10},{9, 11},{11, 9},{10, 7},{10, 5},
                    {11, 3},{13, 2},{15, 2},{17, 2},{19, 2},{21, 2},{23, 3},
                    {24, 5},{24, 7},{23, 9},{25, 11},{27, 10},{29, 10},{31, 11},
                    {32, 13},{32, 15},
                    {32, 17},{29, 17},{27, 17},{25, 17},{23, 17},{21, 17},{19, 17}
            },  //Green
            {
                    {25, 1},
                    {23, 3},{24, 5},{24, 7},{23, 9},{25, 11},{27, 10},{29, 10},
                    {31, 11},{32, 13},{32, 15},{32, 17},{32, 19},{32, 21},{31, 23},
                    {29, 24},{27, 24},{25, 23},{23, 25},{24, 27},{24, 29},{23, 31},
                    {21, 32},{19, 32},{17, 32},{15, 32},{13, 32},
                    {11, 31},{10, 29},{10, 27},{11, 25},{9, 23},{7, 24},{5, 24},
                    {3, 23},{2, 21},{2, 19},{2, 17},{2, 15},{2, 13},{3, 11},
                    {5, 10},{7, 10},{9, 11},{11, 9},{10, 7},{10, 5},{11, 3},
                    {13, 2},{15, 2},
                    {17, 2},{17, 5},{17, 7},{17, 9},{17, 11},{17, 13},{17, 15}
            },  //Blue
            {
                    {1, 9},
                    {3, 11},{5, 10},{7, 10},{9, 11},{11, 9},{10, 7},{10, 5},
                    {11, 3},{13, 2},{15, 2},{17, 2},{19, 2},{21, 2},{23, 3},
                    {24, 5},{24, 7},{23, 9},{25, 11},{27, 10},{29, 10},{31, 11},
                    {32, 13},{32, 15},{32, 17},{32, 19},{32, 21},
                    {31, 23},{29, 24},{27, 24},{25, 23},{23, 25},{24, 27},{24, 29},
                    {23, 31},{21, 32},{19, 32},{17, 32},{15, 32},{13, 32},{11, 31},
                    {10, 29},{10, 27},{11, 25},{9, 23},{7, 24},{5, 24},{3, 23},
                    {2, 21},{2, 19},
                    {2, 17},{5, 17},{7, 17},{9, 17},{11, 17},{13, 17},{15, 17}
            }   //Yellow
    };
    //    public int[][][] mapStart = {
//            {{1, 15}, {3, 15}, {1, 17}, {3, 17}},
//            {{15, 15}, {17, 15}, {15, 17}, {17, 17}},
//            {{15, 1}, {17, 1}, {15, 3}, {17, 3}},
//            {{1, 1}, {3, 1}, {1, 3}, {3, 3}}
//    };
    public static final int[][][] mapStart = {
            {{3,29}, {5, 29}, {3, 31}, {5,31}},
            {{29, 29}, {31, 29}, {29, 31}, {31, 31}},
            {{29, 3}, {31, 3}, {29, 5}, {31, 5}},
            {{3, 3}, {5, 3}, {3, 5}, {5, 5}}
    };

    public void init() {//call in game manager when a new game start
        dice = new Dice();
        airplanes = new Airplane[4];
        airplanes[0] = new Airplane();
        airplanes[1] = new Airplane();
        airplanes[2] = new Airplane();
        airplanes[3] = new Airplane();
    }

    public Dice getDice() {//call in game manager when user throw a dice
        return dice;
    }

    public Airplane getAirplane(int color) {
        return airplanes[color];
    }

    public boolean isOverflow() {
        return overflow;
    }

    public void setOverflow(boolean overflow) {
        this.overflow = overflow;
    }

}